abbe
abbes
abbesse
abbesses
abces
acces
aces
acme
acmes
amas
amassa
amassames
amassas
amassasse
amassasses
amasse
amasse
amassee
amassees
amasses
amasses
ames
ascese
asceses
asse
assecha
assechames
assechas
assechasse
assechasses
asseche
asseche
assechee
assechees
asseches
asseches
asses
baba
babas
bacha
bachames
bachas
bachasse
bachasses
bache
bache
bachee
bachees
baches
baches
bacs
basa
basames
basas
basasse
basasses
base
base
basee
basees
bases
bases
basse
basses
bassesse
bassesses
beames
beas
beasse
beasses
bebe
bebes
becasse
becasses
becha
bechames
bechas
bechasse
bechasses
beche
beche
bechee
bechees
beches
beches
becs
bees
besace
besaces
cabas
cabs
caca
cacaba
cacabames
cacabas
cacabasse
cacabasses
cacabe
cacabe
cacabes
cacas
cacha
cachames
cachas
cachasse
cachasses
cache
cache
cachee
cachees
caches
caches
came
camee
camees
cames
casa
casames
casas
casasse
casasses
casbah
casbahs
case
case
casee
casees
cases
cases
cash
cassa
cassames
cassas
cassasse
cassasses
casse
casse
cassee
cassees
casses
casses
cessa
cessames
cessas
cessasse
cessasses
cesse
cesse
cessee
cessees
cesses
cesses
chah
chahs
chas
chassa
chassames
chassas
chassasse
chassasses
chasse
chasse
chasse
chassee
chassees
chasses
chasses
chasses
chebec
chebecs
cheche
cheches
ecacha
ecachames
ecachas
ecachasse
ecachasses
ecache
ecache
ecachee
ecachees
ecaches
ecaches
echasse
echasses
eche
echec
echecs
eches
embase
embases
emecha
emechames
emechas
emechasse
emechasses
emeche
emeche
emechee
emechees
emeches
emeches
escha
eschames
eschas
eschasse
eschasses
esche
esche
eschee
eschees
esches
esches
esse
esses
hacha
hachames
hachas
hachasse
hachasses
hache
hache
hachee
hachees
haches
haches
hamac
hamacs
hammam
hammams
hasch
haschs
hase
hases
macache
macchabee
macchabees
mach
macha
machames
machas
machasse
machasses
mache
mache
machee
machees
maches
maches
macs
massa
massames
massas
massasse
massasses
masse
masse
massee
massees
masses
masses
mecha
mechames
mechas
mechasse
mechasses
meche
meche
mechee
mechees
meches
meches
mecs
meme
meme
memes
memes
mesa
mesas
mess
messe
messes
sache
sachem
sachems
saches
sacs
samba
sambas
sassa
sassames
sassas
sassasse
sassasses
sasse
sasse
sassee
sassees
sasses
sasses
schah
schahs
schema
schemas
sebace
sebacee
sebacees
sebaces
secha
sechames
sechas
sechasse
sechasses
seche
seche
sechee
sechees
seches
seches
secs
sema
semames
semas
semasse
semasses
seme
seme
semee
semees
semes
semes
sesame
sesames
shah
shahs
smash
smasha
smashames
smashas
smashasse
smashasses
smashe
smashe
smashee
smashees
smashes
smashes
smashs
