addenda
adne
adnee
aede
aera
aere
aere
aeree
aerer
aerera
aererez
aerez
amande
amarra
amarre
amarre
amarree
amarrer
amarrera
amarrerez
amarrez
amen
amena
amenda
amende
amende
amendee
amender
amendera
amenderez
amendez
amene
amene
amenee
amener
amenera
amenerez
amenez
amer
amere
andrene
annee
arameen
arameenne
arene
arma
armada
arme
arme
armee
armer
armera
armerez
armez
dada
dama
daman
dame
dame
damee
damer
damera
damerez
damez
damna
damne
damne
damnee
damner
damnera
damnerez
damnez
dard
darda
darde
darde
dardee
darder
dardera
darderez
dardez
darne
demanda
demande
demande
demandee
demander
demandera
demanderez
demandez
demarra
demarre
demarre
demarree
demarrer
demarrera
demarrerez
demarrez
deme
demena
demene
demene
demenee
demener
demenera
demenerez
demenez
demerda
demerde
demerde
demerdee
demerder
demerdera
demerderez
demerdez
denree
derada
derade
derade
derader
deradera
deraderez
deradez
derme
drame
drenne
edam
eden
emana
emane
emane
emaner
emanera
emanerez
emanez
emmena
emmene
emmene
emmenee
emmener
emmenera
emmenerez
emmenez
emmerda
emmerde
emmerde
emmerdee
emmerder
emmerdera
emmerderez
emmerdez
enneade
enrena
enrene
enrene
enrenee
enrener
enrenera
enrenerez
enrenez
erra
erre
erre
errer
errera
errerez
errez
madame
madere
madre
madree
maman
mana
manade
manda
mande
mande
mandee
mander
mandera
manderez
mandez
manne
mare
maree
maremme
marna
marne
marne
marnee
marner
marnera
marnerez
marnez
marra
marre
marre
marree
marrer
marrera
marrerez
marrez
meandre
mede
meme
meme
memere
mena
menade
mene
mene
menee
mener
menera
menerez
menez
merde
mere
nana
nanan
nanar
nard
narra
narre
narre
narree
narrer
narrera
narrerez
narrez
nazareen
nazareenne
nene
rada
radar
rade
rade
radee
rader
radera
raderez
radez
rama
ramadan
ramanda
ramande
ramande
ramandee
ramander
ramandera
ramanderez
ramandez
ramarra
ramarre
ramarre
ramarree
ramarrer
ramarrera
ramarrerez
ramarrez
ramdam
rame
rame
ramee
ramena
ramenda
ramende
ramende
ramendee
ramender
ramendera
ramenderez
ramendez
ramene
ramene
ramenee
ramener
ramenera
ramenerez
ramenez
ramer
ramera
ramerez
ramez
ranz
rare
rearma
rearme
rearme
rearmee
rearmer
rearmera
rearmerez
rearmez
redan
redemanda
redemande
redemande
redemandee
redemander
redemandera
redemanderez
redemandez
redemarra
redemarre
redemarre
redemarrer
redemarrera
redemarrerez
redemarrez
reer
reera
reerez
reez
remede
remere
remmena
remmene
remmene
remmenee
remmener
remmenera
remmenerez
remmenez
renard
renarda
renarde
renarde
renarder
renardera
renarderez
renardez
rend
rende
rendez
rendra
rendre
rendrez
rene
rene
renee
renne
zenana
zend
