aies
aine
aine
ainee
ainees
aines
aines
ainesse
ainesses
ainsi
aise
aise
aisee
aisees
aises
aises
aisy
aisys
ananas
anes
anesse
anesses
anis
anisa
anisai
anisais
anisas
anisasse
anisasses
anise
anise
anisee
anisees
anises
anises
anneau
annee
annees
anse
anse
ansee
ansees
anses
anses
anus
asinien
asinienne
asiniennes
asiniens
assai
assaini
assainie
assainies
assainis
assainissais
assainisse
assainisses
assassin
assassina
assassinai
assassinais
assassinas
assassinasse
assassinasses
assassine
assassine
assassinee
assassinees
assassines
assassines
assassins
asse
assena
assena
assenai
assenai
assenais
assenais
assenas
assenas
assenasse
assenasse
assenasses
assenasses
assene
assene
assene
assenee
assenee
assenees
assenees
assenes
assenes
assenes
asses
asseyais
asseye
asseyes
assis
assise
assises
assisse
assisses
aune
aunes
aussi
ennui
ennuie
ennuies
ennuis
ennuya
ennuyai
ennuyais
ennuyas
ennuyasse
ennuyasses
ennuye
ennuyee
ennuyees
ennuyes
ennuyeuse
ennuyeuses
ensaisina
ensaisinai
ensaisinais
ensaisinas
ensaisinasse
ensaisinasses
ensaisine
ensaisine
ensaisinee
ensaisinees
ensaisines
ensaisines
essai
essaie
essaies
essais
essaya
essayai
essayais
essayas
essayasse
essayasses
essaye
essaye
essayee
essayees
essayes
essayes
essayeuse
essayeuses
esse
esses
essieu
essuie
essuies
essuya
essuyai
essuyais
essuyas
essuyasse
essuyasses
essuye
essuyee
essuyees
essuyes
essuyeuse
essuyeuses
eues
eusse
eusses
inne
innee
innees
innes
insane
insanes
insense
insensee
insensees
insenses
insinua
insinuai
insinuais
insinuas
insinuasse
insinuasses
insinue
insinue
insinuee
insinuees
insinues
insinues
insu
issu
issue
issues
issus
nain
naine
naines
nains
nais
naissain
naissains
naissais
naisse
naisses
nana
nanan
nanas
nase
naseau
nases
nasse
nasses
nausee
nausees
nauseeuse
nauseeuses
nees
nene
nenes
nenies
nenni
niai
niais
niaisa
niaisai
niaisais
niaisas
niaisasse
niaisasses
niaise
niaise
niaises
nias
niasse
niasses
niee
niees
nies
nies
ninas
nuai
nuais
nuas
nuasse
nuasses
nuee
nuees
nues
nues
nuis
nuisais
nuise
nuises
nuisis
nuisisse
nuisisses
sain
saine
saines
sains
sais
sais
saisi
saisie
saisies
saisine
saisines
saisis
saisissais
saisisse
saisisses
sana
sanas
sanie
sanies
sanieuse
sanieuses
sans
sassa
sassai
sassais
sassas
sassasse
sassasses
sasse
sasse
sassee
sassees
sasses
sasses
sasseuse
sasseuses
sauna
saunai
saunais
saunas
saunasse
saunasses
saune
saune
saunes
saussaie
saussaies
seau
sein
seine
seines
seins
senau
sene
senes
senne
sennes
sens
sensass
sense
sensee
sensees
senses
siee
sien
sienne
siennes
siens
sinisa
sinisai
sinisais
sinisas
sinisasse
sinisasses
sinise
sinise
sinisee
sinisees
sinises
sinises
sinueuse
sinueuses
sinus
sise
sises
suai
suais
suas
suasse
suasses
suee
suees
sues
sues
suie
suies
suis
suisse
suisses
suissesse
suissesses
sunna
sunnas
susse
susses
unau
unaus
unes
unie
unies
unis
unissais
unisse
unisses
usai
usais
usas
usasse
usasses
usee
usees
uses
uses
usina
usinai
usinais
usinas
usinasse
usinasses
usine
usine
usinee
usinees
usines
usines
usnee
usnees
yens
yeuse
yeuses
