aera
aeras
aerasse
aerasses
aere
aere
aeree
aerees
aerer
aerera
aereras
aeres
aeres
alea
aleas
ales
alesa
alesas
alesasse
alesasses
alese
alese
alesee
alesees
aleser
alesera
aleseras
aleses
aleses
aleseur
aleseurs
aleseuse
aleseuses
alla
allas
allasse
allasses
alle
allee
allees
aller
allers
alles
allure
allure
alluree
allurees
allures
allures
aras
arasa
arasas
arasasse
arasasses
arase
arase
arasee
arasees
araser
arasera
araseras
arases
arases
ares
asexue
asexuee
asexuees
asexuel
asexuelle
asexuelles
asexuels
asexues
asse
asses
assesseur
assesseurs
assura
assuras
assurasse
assurasses
assure
assure
assuree
assurees
assurer
assurera
assureras
assures
assures
assureur
assureurs
aura
auras
axas
axasse
axasses
axee
axees
axer
axera
axeras
axes
axes
eaux
elle
elles
elue
elues
elus
elusse
elusses
eres
erra
erras
errasse
errasses
erre
erre
errer
errera
erreras
erres
erreur
erreurs
erseau
erseaux
esse
esses
esseule
esseulee
esseulees
esseules
eues
eusse
eusses
laser
lasers
lassa
lassas
lassasse
lassasses
lasse
lasse
lassee
lassees
lasser
lassera
lasseras
lasses
lasses
laure
lauree
laurees
laures
lesa
lesas
lesasse
lesasses
lese
lese
lesee
lesees
leser
lesera
leseras
leses
leses
leur
leurra
leurras
leurrasse
leurrasses
leurre
leurre
leurree
leurrees
leurrer
leurrera
leurreras
leurres
leurres
leurs
lues
lueur
lueurs
lulu
lulus
lusse
lusses
luxa
luxas
luxasse
luxasses
luxe
luxe
luxee
luxees
luxer
luxera
luxeras
luxes
luxes
luxueuse
luxueuses
luxueux
luxure
luxures
rala
ralas
ralasse
ralasses
rale
rale
raler
ralera
raleras
rales
raleur
raleurs
raleuse
raleuses
rare
rares
rasa
rasas
rasasse
rasasses
rase
rase
rasee
rasees
raser
rasera
raseras
rases
rases
raseur
raseurs
raseuse
raseuses
rassura
rassuras
rassurasse
rassurasses
rassure
rassure
rassuree
rassurees
rassurer
rassurera
rassureras
rassures
rassures
real
reale
reales
realesa
realesas
realesasse
realesasses
realese
realese
realesee
realesees
realeser
realesera
realeseras
realeses
realeses
reas
reasse
reasses
reassura
reassuras
reassurasse
reassurasses
reassure
reassure
reassuree
reassurees
reassurer
reassurera
reassureras
reassures
reassures
reaux
reel
reelle
reelles
reels
reelu
reelue
reelues
reelus
reelusse
reelusses
reer
reera
reeras
rees
relax
relaxa
relaxas
relaxasse
relaxasses
relaxe
relaxe
relaxee
relaxees
relaxer
relaxera
relaxeras
relaxes
relaxes
relu
relue
relues
relus
relusse
relusses
resala
resalas
resalasse
resalasses
resale
resale
resalee
resalees
resaler
resalera
resaleras
resales
resales
resalua
resaluas
resaluasse
resaluasses
resalue
resalue
resaluee
resaluees
resaluer
resaluera
resalueras
resalues
resalues
reseau
reseaux
ressassa
ressassas
ressassasse
ressassasses
ressasse
ressasse
ressassee
ressassees
ressasser
ressassera
ressasseras
ressasses
ressasses
ressasseur
ressasseurs
resserra
resserras
resserrasse
resserrasses
resserre
resserre
resserree
resserrees
resserrer
resserrera
resserreras
resserres
resserres
ressers
ressua
ressuas
ressuasse
ressuasses
ressue
ressue
ressuer
ressuera
ressueras
ressues
ruas
ruasse
ruasses
ruee
ruees
ruelle
ruelles
ruer
ruera
rueras
rues
rues
rural
rurale
rurales
ruraux
rusa
rusas
rusasse
rusasses
ruse
ruse
rusee
rusees
ruser
rusera
ruseras
ruses
ruses
russe
russes
russule
russules
sala
salas
salasse
salasses
sale
sale
salee
salees
saler
salera
saleras
sales
sales
saleur
saleurs
saleuse
saleuses
salle
salles
salsa
salsas
salse
salses
salua
saluas
saluasse
saluasses
salue
salue
saluee
saluees
saluer
saluera
salueras
salues
salues
salure
salures
sarrau
sarraus
sassa
sassas
sassasse
sassasses
sasse
sasse
sassee
sassees
sasser
sassera
sasseras
sasses
sasses
sasseur
sasseurs
sasseuse
sasseuses
saule
saulee
saulees
saules
saur
saura
sauras
saurasse
saurasses
saure
saure
sauree
saurees
saurer
saurera
saureras
saures
saures
saurs
saxe
saxes
seau
seaux
sella
sellas
sellasse
sellasses
selle
selle
sellee
sellees
seller
sellera
selleras
selles
selles
sels
sera
seras
sereuse
sereuses
sereux
serra
serras
serrasse
serrasses
serre
serre
serree
serrees
serrer
serrera
serreras
serres
serres
serrure
serrures
sers
seul
seule
seules
seuls
sexe
sexes
sexue
sexuee
sexuees
sexuel
sexuelle
sexuelles
sexuels
sexues
suas
suasse
suasses
suee
suees
suer
suera
sueras
sues
sues
sueur
sueurs
sure
sure
sureau
sureaux
sures
sures
surs
surs
susse
susses
susurra
susurras
susurrasse
susurrasses
susurre
susurre
susurree
susurrees
susurrer
susurrera
susurreras
susurres
susurres
ulula
ululas
ululasse
ululasses
ulule
ulule
ululer
ululera
ululeras
ulules
uraeus
uree
urees
ures
urus
usas
usasse
usasses
usee
usees
user
usera
useras
uses
uses
usuel
usuelle
usuelles
usuels
usure
usures
xeres
xerus
