agha
agora
ahan
ahana
angon
angor
angora
anon
anonna
argon
arroyo
gaga
gagna
gang
ganga
gara
gnangnan
gnon
gogo
gong
grog
groggy
grogna
grognon
hangar
haro
hayon
hongra
hongroya
honora
nana
nanan
nanar
narra
noya
orna
rang
raya
rayon
rayonna
rogna
rognon
rognonna
ronron
ronronna
yang
yoga
