effet
effets
epee
epees
epeiste
epeistes
epie
epie
epiee
epiees
epies
epies
epieu
epieuse
epieuses
epis
episse
episse
epissee
epissees
episses
episses
epite
epites
epuise
epuise
epuisee
epuisees
epuises
epuises
epuisette
epuisettes
esse
esses
essieu
essuie
essuies
etes
etes
etete
etete
etetee
etetees
etetes
etetes
eteuf
eteufs
etisie
etisies
etui
etuis
eues
eusse
eusses
eutes
fees
fesse
fesse
fessee
fessees
fesses
fesses
fessu
fessue
fessues
fessus
festif
festifs
fete
fete
fetee
fetees
fetes
fetes
fetu
fetus
feue
feues
feus
fiee
fiees
fief
fieffe
fieffe
fieffee
fieffees
fieffes
fieffes
fiefs
fies
fies
fieu
fisse
fisses
fites
fuie
fuies
fuis
fuisse
fuisses
fuit
fuit
fuite
fuites
fuites
fuse
fuse
fusee
fusees
fuses
fuses
fusette
fusettes
fusse
fusses
fute
futee
futees
futes
futes
futs
issu
issue
issues
issus
pepe
pepes
pepetes
pepie
pepie
pepies
pepite
pepites
pese
pese
pesee
pesees
peses
peses
pesette
pesettes
peseuse
peseuses
pesse
pesses
peste
peste
pestes
pesteuse
pesteuses
pete
pete
petee
petees
petes
petes
peteuse
peteuses
petit
petite
petites
petitesse
petitesses
petits
peut
pfft
pies
piete
piete
pietee
pietees
pietes
pietes
pietiste
pietistes
pieu
pieuse
pieuses
pieute
pieute
pieutee
pieutees
pieutes
pieutes
pife
pife
pifee
pifees
pifes
pifes
piffe
piffe
piffee
piffees
piffes
piffes
pifs
pipe
pipe
pipee
pipees
pipes
pipes
pipette
pipettes
pipeuse
pipeuses
pipi
pipis
pipit
pipits
pise
pises
pisse
pisse
pissee
pissees
pisses
pisses
pissette
pissettes
pisseuse
pisseuses
piste
piste
pistee
pistees
pistes
pistes
pite
pites
piteuse
piteuses
pitie
pities
pituite
pituites
psitt
puee
puees
pues
pues
puis
puise
puise
puisee
puisees
puises
puises
puisette
puisettes
puisse
puisses
puits
pupe
pupes
pusse
pusses
pute
putes
putes
putiet
putiets
putti
seps
sept
sets
siee
sieste
siestes
sise
sises
site
sites
situe
situe
situee
situees
situes
situes
speiss
spitte
spitte
spittee
spittees
spittes
spittes
steppe
steppes
stipe
stipes
stipite
stipitee
stipitees
stipites
stupefie
stupefie
stupefiee
stupefiees
stupefies
stupefies
suee
suees
sues
sues
suette
suettes
suffete
suffetes
suffis
suffise
suffises
suffisse
suffisses
suffit
suffit
suffite
suffites
suffites
suffits
suie
suies
suif
suife
suife
suifee
suifees
suifes
suifes
suiffe
suiffe
suiffee
suiffees
suiffes
suiffes
suiffeuse
suiffeuses
suifs
suis
suisse
suisses
suissesse
suissesses
suit
suite
suitee
suitees
suites
suppute
suppute
supputee
supputees
supputes
supputes
susse
susses
sutes
tees
test
teste
teste
testee
testees
testes
testes
tests
tete
tete
tete
tetee
tetees
tetes
tetes
tetes
tette
tettes
tetu
tetue
tetues
tetus
tiffe
tiffes
tifs
tise
tise
tisee
tisees
tises
tises
tisse
tisse
tissee
tissees
tisses
tisses
tisseuse
tisseuses
tissu
tissus
titi
titis
tuee
tuees
tues
tues
tueuse
tueuses
tufs
tupi
tusse
tusses
tutes
tutie
tuties
tutti
tutu
tutus
usee
usees
uses
uses
usite
usitee
usitees
usites
