egerie
egeries
egorge
egorge
egorgee
egorgees
egorger
egorges
egorges
egorgeur
egorgeurs
egorgeuse
egorgeuses
egrise
egrise
egrisee
egrisees
egriser
egrises
egrises
egruge
egruge
egrugee
egrugees
egrugeoir
egrugeoirs
egruger
egruges
egruges
eres
ergs
erige
erige
erigee
erigees
eriger
eriges
eriges
eros
erre
erre
errer
erres
erreur
erreurs
esse
esses
essieu
essor
essore
essore
essoree
essorees
essorer
essores
essores
essoreuse
essoreuses
essors
essuie
essuies
eues
euro
euros
eusse
eusses
gere
gere
geree
gerees
gerer
geres
geres
gesier
gesiers
gesir
gesse
gesses
gigue
gigues
girie
giries
gogo
gogos
gorge
gorge
gorgee
gorgees
gorger
gorges
gorges
gosier
gosiers
gosse
gosses
gouge
gougere
gougeres
gouges
gour
goure
goure
gouree
gourees
gourer
goures
goures
gourou
gourous
gousse
gousses
gree
gree
greee
greees
greer
grees
grees
grege
gregeois
greges
gregues
gres
grese
grese
gresee
gresees
greser
greses
greses
gresoir
grigou
grigous
grigri
grigris
gris
grise
grise
grisee
grisees
griser
griserie
griseries
grises
grises
grisou
grisous
grog
grogs
gros
grosse
grosserie
grosseries
grosses
grossesse
grossesses
grosseur
grosseurs
grossi
grossie
grossier
grossiere
grossieres
grossiers
grossies
grossir
grossis
grossisse
grossisses
grossoie
grossoies
grouse
grouses
grue
grues
gruge
gruge
grugee
grugees
grugeoir
grugeoirs
gruger
gruges
gruges
guee
guee
gueee
gueees
gueer
guees
guees
guere
gueres
gueri
guerie
gueries
guerir
gueris
guerisse
guerisses
guerisseur
guerisseurs
guerisseuse
guerisseuses
guerre
guerres
guerrier
guerriere
guerrieres
guerriers
guerroie
guerroies
gues
gueuse
gueuse
gueusee
gueusees
gueuser
gueuserie
gueuseries
gueuses
gueuses
guis
guise
guises
guru
gurus
guss
igue
igues
ires
iris
irise
irise
irisee
irisees
iriser
irises
irises
irrigue
irrigue
irriguee
irriguees
irriguer
irrigues
irrigues
issu
issue
issues
issus
ogre
ogres
ogresse
ogresses
oies
oiseuse
oiseuses
oree
orees
ores
orge
orges
orgie
orgies
orgue
orgues
osee
osees
oser
oses
oses
osier
osiers
osseuse
osseuses
ossu
ossue
ossues
ossus
ouie
ouies
ouigour
ouigours
ouir
ouis
ouisse
ouisses
ours
ourse
ourses
reer
rees
regi
regie
regies
regir
regis
regisse
regisses
regisseur
regisseurs
regisseuse
regisseuses
regorge
regorge
regorger
regorges
regree
regree
regreee
regreees
regreer
regrees
regrees
regresse
regresse
regresser
regresses
regrossi
regrossir
regrossis
regrossisse
regrossisses
regs
reis
resous
resserre
resserre
resserree
resserrees
resserrer
resserres
resserres
ressers
ressors
ressue
ressue
ressuer
ressues
ressui
ressuie
ressuies
ressuis
ressurgi
ressurgir
ressurgis
ressurgisse
ressurgisses
resurgi
resurgir
resurgis
resurgisse
resurgisses
reussi
reussie
reussies
reussir
reussis
reussisse
reussisses
ries
rieur
rieurs
rieuse
rieuses
rigoureuse
rigoureuses
rigueur
rigueurs
rire
rires
risee
risees
risorius
risse
risses
rogue
rogue
roguee
roguees
rogues
rogues
rois
rose
rose
rosee
rosees
roser
roses
roses
rosi
rosie
rosier
rosiere
rosieres
rosiers
rosies
rosir
rosis
rosisse
rosisses
rosse
rosse
rossee
rossees
rosser
rosserie
rosseries
rosses
rosses
roue
roue
rouee
rouees
rouer
rouerie
roueries
roues
roues
rouge
rougeoie
rougeoies
rouges
rougeur
rougeurs
rougi
rougie
rougies
rougir
rougis
rougisse
rougisses
roui
rouie
rouies
rouir
rouis
rouisse
rouisses
rouissoir
rouissoirs
rousse
rousses
rousseur
rousseurs
roussi
roussie
roussies
roussir
roussis
roussisse
roussisses
ruee
ruees
ruer
rues
rues
rugi
rugir
rugis
rugisse
rugisses
rugueuse
rugueuses
ruse
ruse
rusee
rusees
ruser
ruses
ruses
russe
russes
segregee
seoir
sereuse
sereuses
serge
serge
serges
serges
serie
serie
seriee
seriees
serier
series
series
serieuse
serieuses
serre
serre
serree
serrees
serrer
serres
serres
serrure
serrurerie
serrureries
serrures
serrurier
serruriers
sers
siee
siege
siege
sieger
sieges
sieur
sieurs
sire
sires
sirs
sise
sises
soeur
soeurs
soie
soierie
soieries
soies
soir
soiree
soirees
soirs
sois
sore
sores
sorgue
sorgue
sorguer
sorgues
sors
sosie
sosies
soue
soues
souri
sourie
souries
sourire
sourires
souris
sourisse
sourisses
sous
suee
suees
suer
sues
sues
sueur
sueurs
suggere
suggere
suggeree
suggerees
suggerer
suggeres
suggeres
suie
suies
suis
suisse
suisses
suissesse
suissesses
sure
sure
sures
sures
surgi
surgir
surgis
surgisse
surgisses
suri
surir
suris
surisse
surisses
suros
surs
surs
surseoir
sursis
sursise
sursises
sursisse
sursisses
sursoie
sursoies
sursois
susse
susses
susurre
susurre
susurree
susurrees
susurrer
susurres
susurres
uree
urees
ures
urge
urger
urus
usee
usees
user
uses
uses
usure
usures
usurier
usuriere
usurieres
usuriers
